16829
747121
185669
747121
213664 384588 332453 690450 517157 323242 
438027 690450 107963 372956 410970 107963 372956 410970 530276 536799 420794 
438027 690450 107963 372956 410970 107963 372956 410970 530276 372956 384588 536799 229625 100396 162949 384588 
438027 690450 107963 372956 410970 107963 372956 410970 332453 100396 372956 372956 507508 517157 536799 36408 
213664 384588 332453 690450 517157 362048 
438027 690450 107963 372956 410970 107963 372956 410970 530276 536799 420794 410970 100396 229625 36408 410970 162949 517157 536799 384588 
438027 690450 107963 372956 410970 107963 372956 410970 530276 372956 384588 536799 229625 100396 162949 384588 410970 100396 229625 36408 410970 162949 517157 536799 384588 
438027 690450 107963 372956 410970 107963 372956 410970 332453 100396 372956 372956 507508 517157 536799 36408 410970 100396 229625 36408 410970 162949 517157 536799 384588 
213664 384588 332453 690450 517157 628003 410970 100396 229625 36408 410970 213664 384588 332453 690450 517157 
438027 690450 107963 372956 410970 107963 372956 410970 530276 536799 420794 410970 100396 229625 36408 410970 162949 517157 536799 384588 410970 100396 229625 36408 410970 162949 517157 536799 384588 
438027 690450 107963 372956 410970 107963 372956 410970 530276 372956 384588 536799 229625 100396 162949 384588 410970 100396 229625 36408 410970 162949 517157 536799 384588 410970 100396 229625 36408 410970 420794 384588 372956 372956 410970 100396 229625 36408 410970 420794 384588 372956 372956 
438027 690450 107963 372956 410970 107963 372956 410970 332453 100396 372956 372956 507508 517157 536799 36408 410970 100396 229625 36408 410970 162949 517157 536799 384588 410970 100396 229625 36408 410970 522519 107963 730916 730916 384588 536799 410970 100396 229625 36408 410970 522519 107963 730916 730916 384588 536799 